data
-4.2
-0.3
5
13.6
19.1
22.5
25.9
26.5
22.5
16.5
7
-0.6
0.3
2.9
7.6
13.6
18.2
22.2
25.2
24.2
21.6
12.8
4
1.7
-2.6
2.7
6.5
13.2
19.6
21.5
23.8
24.1
20.9
13.9
9.5
0.7
-1.6
2.3
6.3
13.1
17.6
23.2
24.8
26.1
21.7
15.2
9.1
1.9
-2.5
-1.9
4.1
13.2
17.7
22.7
25.3
25.1
21.8
14.7
8.6
-3.9
-0.2
0.1
5.2
11.6
18.4
21.8
23.1
27
21.1
17.9
8.4
1.4
0.4
4
6.1
11.4
18.1
23.2
24.2
26.5
21.5
15.1
6.7
1.8
-1.7
-1.2
7.3
14.1
17.7
21.5
25.1
25.3
22
16.1
7.6
1.1
-2
2.9
6
12.7
19.1
22.4
24.3
25.7
21.8
16
6.9
-1
-4.5
1.4
4.3
9.5
17.2
23.4
25.8
26.5
21.8
14.5
6.5
-1.3
-7.2
1.2
3.6
10.7
17.9
22
24.6
25.8
21.8
14.2
10.7
-0.9
