data
480.72 
479.97 
479.65 
481.41 
482.42 
482.81 
482.66 
484.78 
485.46 
488.97 
485.94 
486.57 
490.65 
489.44 
490.31 
489.92 
490.25 
489.81 
491.56 
494.50 
494.01 
493.65 
495.81 
495.49 
496.64 
498.48 
497.29 
494.94 
496.16 
497.74 
497.21 
500.15 
500.42 
499.12 
501.81 
503.49 
503.23 
502.04 
502.37 
503.61 
502.81 
505.25 
506.52 
505.48 
503.82 
504.08 
508.20 
510.48 
511.13 
511.56 
510.96 
509.89 
510.61 
512.58 
515.38 
514.84 
513.20 
513.70 
514.43 
514.78 
517.61 
518.83 
519.75 
520.11 
518.47 
519.96 
521.69 
521.73 
522.33 
521.88 
522.25 
520.94 
522.04 
526.11 
527.65 
527.80 
526.01 
525.08 
526.67 
526.91 
527.14 
527.53 
528.43 
530.85 
532.59 
532.12 
533.00 
534.77 
534.07 
534.14 
534.05 
534.13 
534.81 
535.92 
537.50 
536.89 
535.77 
537.94 
539.00 
539.15 
539.55 
538.89 
541.27 
541.82 
541.26 
542.56 
542.45 
543.01 
542.01 
543.84 
546.69 
548.08 
549.14 
548.72 
548.51 
549.25 
549.36 
550.10 
551.67 
553.72 
554.56 
552.76 
550.63 
552.08 
555.14 
556.58 
557.93 
557.75 
558.09 
558.15 
558.82 
560.56 
560.94 
560.95 
560.44 
562.19 
563.16 
562.74 
563.49 
563.96 
564.94 
566.26 
566.85 
567.02 
566.98 
569.05 
569.37 
568.62 
570.10 
570.63 
571.24 
571.86 
572.70 
571.11 
572.51 
575.51 
577.01 
575.44 
574.98 
577.08 
576.91 
576.33 
577.79 
579.44 
578.05 
578.79 
578.82 
579.59 
581.51 
581.38 
584.17 
584.93 
584.63 
584.90 
586.96 
587.82 
586.10 
586.07 
588.29 
586.78 
587.66 
590.98 
590.66 
589.11 
590.94 
591.72 
591.18 
592.80 
594.82 
593.89 
594.49 
595.82 
597.60 
597.48 
596.17 
598.04 
600.78 
601.10 
600.40 
599.54 
